NA	NA
NA	NA
2	63.98
2	63.65
1	54.03
2	73.78
2	69.89
1	49.15
1	54.10
2	48.16
2	37.43
1	62.34
1	44.18
1	72.51
2	70.07
2	49.89
2	69.22
NA	NA
NA	NA
1	57.60
2	61.07
1	47.42
1	50.30
2	80.13
1	44.32
2	57.72
2	68.82
1	83.58
2	72.92
1	67.53
2	65.10
2	47.50
2	65.55
NA	NA
NA	NA
2	32.20
1	37.00
2	76.90
2	21.30
2	51.60
2	28.20
1	39.60
1	25.50
1	45.60
2	31.90
1	33.60
2	42.80
2	36.60
2	37.60
1	37.50
NA	NA
NA	NA
1	48.50
2	41.10
2	40.90
1	35.10
1	33.60
2	36.40
1	35.80
2	38.20
1	38.10
2	53.90
1	31.90
1	50.70
1	26.90
2	45.30
1	61.99
NA	NA
NA	NA
2	35.50
1	36.20
2	38.10
1	33.10
1	45.10
1	33.60
1	35.50
1	37.30
1	33.60
1	37.30
2	34.30
1	31.00
1	28.63
2	39.30
1	27.60
NA	NA
NA	NA
2	26.10
1	32.10
1	32.10
2	38.10
1	46.10
1	56.10
1	46.10
1	26.10
1	32.10
1	46.10
2	32.10
2	56.10
1	38.10
2	46.10
NA	NA
NA	NA
2	24.00
2	34.70
2	41.20
2	29.50
1	31.10
2	47.40
2	27.80
1	37.40
2	38.40
1	35.00
2	36.50
1	37.00
2	28.80
1	37.60
NA	NA
NA	NA
2	39.80
1	34.20
1	38.50
2	81.50
2	42.60
1	45.40
2	44.20
1	50.60
2	25.70
2	43.40
2	50.40
1	36.60
2	34.80
2	37.50
NA	NA
NA	NA
2	44.90
2	34.10
2	36.90
2	35.10
1	44.30
2	35.60
1	38.10
1	33.90
1	42.60
1	32.10
1	63.00
1	29.50
2	36.60
1	36.30
1	30.80
NA	NA
NA	NA
2	54.50
1	47.70
2	48.70
1	53.90
2	48.30
1	51.20
2	67.30
2	56.10
1	55.40
1	58.00
1	61.20
2	57.30
NA	NA
NA	NA
2	82.50
1	53.34
1	66.52
2	85.24
1	56.96
1	63.08
2	75.64
2	57.13
2	60.51
1	52.42
1	36.89
1	46.01
1	38.48
2	83.35
NA	NA
NA	NA
2	42.44
1	37.16
2	55.08
2	66.76
2	68.19
2	42.43
2	33.14
2	41.72
2	46.48
2	61.80
2	41.24
2	88.40
2	54.25
1	33.00
NA	NA
NA	NA
2	31.17
1	34.41
2	25.97
1	31.19
2	41.48
2	42.99
1	22.06
1	46.67
2	51.31
1	29.87
1	29.80
2	28.96
1	37.84
2	28.52
NA	NA
NA	NA
1	35.26
2	53.23
1	68.80
1	37.21
1	36.07
2	64.30
1	54.39
2	47.28
2	48.04
1	44.62
1	35.07
1	56.05
1	80.23
1	67.57
NA	NA
NA	NA
2	53.08
1	44.75
1	35.59
1	60.11
1	75.79
1	61.05
1	33.83
1	38.91
1	32.03
1	54.25
2	48.88
1	57.88
2	47.82
1	66.53
NA	NA
NA	NA
1	60.39
1	62.59
2	70.29
1	57.42
1	50.27
2	69.30
1	57.09
1	61.16
2	92.29
NA	NA
NA	NA
2	48.70
1	32.50
1	44.40
1	38.50
1	56.80
1	39.50
2	53.90
1	38.20
1	43.20
2	32.30
2	50.60
1	49.00
2	52.20
1	40.70
NA	NA
NA	NA
2	57.03
1	64.17
2	66.79
2	59.26
1	25.57
1	61.80
1	62.67
2	90.99
2	54.46
2	77.43
2	42.81
2	51.98
2	53.06
NA	NA
NA	NA
1	44.30
1	56.77
2	38.62
1	59.63
2	44.23
1	56.16
1	69.86
1	55.28
1	53.76
2	28.66
2	30.82
2	49.59
2	51.20
2	53.20
NA	NA
NA	NA
1	47.91
1	53.83
1	42.56
2	64.82
1	52.50
2	56.54
2	60.20
2	41.58
1	63.92
2	46.95
2	39.84
1	51.46
2	40.30
NA	NA
NA	NA
2	77.08
1	66.90
1	50.50
1	53.11
1	46.73
1	56.02
1	52.41
2	48.08
1	43.49
1	41.47
1	50.53
1	42.26
2	90.77
1	31.81
1	67.00
NA	NA
NA	NA
2	80.71
2	104.39
1	79.32
2	76.36
2	83.34
1	74.48
2	92.51
2	109.66
1	99.66
2	98.02
2	66.11
2	70.17
1	95.19
2	51.32
2	112.95
NA	NA
NA	NA
2	58.09
1	49.46
2	52.82
1	48.50
1	33.66
1	50.86
2	52.72
2	45.29
1	53.86
1	40.85
1	50.67
2	50.03
1	67.68
2	69.16
1	60.50
NA	NA
NA	NA
2	37.06
1	22.14
2	60.61
2	39.52
1	51.75
2	44.95
2	35.43
2	61.76
2	80.09
1	56.54
2	35.74
2	64.05
2	44.11
2	52.06
NA	NA
NA	NA
2	78.54
1	49.74
2	98.18
1	65.45
1	52.36
2	39.27
1	39.27
1	39.27
1	32.73
1	39.27
1	30.11
2	28.80
2	15.71
1	23.56
1	32.73
NA	NA
NA	NA
1	42.60
2	48.65
2	58.22
2	93.54
1	44.06
1	44.68
1	57.24
1	59.04
2	43.42
1	57.39
2	68.76
1	60.32
NA	NA
NA	NA
2	72.98
1	31.62
2	53.34
2	38.58
2	42.44
2	40.41
1	46.32
1	54.70
1	42.08
1	38.63
1	40.83
2	40.64
1	59.31
NA	NA
NA	NA
1	40.25
1	79.39
2	65.33
1	71.14
1	52.94
2	57.55
1	49.04
2	55.29
2	35.99
1	42.87
1	38.64
2	81.96
1	61.85
1	42.55
1	130.12
2	64.68
NA	NA
NA	NA
1	39.27
1	70.98
2	29.98
1	30.01
2	69.08
1	48.38
2	45.27
1	34.45
2	28.93
1	62.67
2	51.23
2	35.82
1	63.93
1	48.92
1	35.21
NA	NA
NA	NA
1	47.70
2	72.48
2	57.48
2	44.47
2	38.66
1	46.24
2	57.52
2	43.92
2	35.39
1	54.63
2	35.49
2	39.95
NA	NA
NA	NA
2	72.62
2	57.15
1	54.49
2	60.72
1	63.01
2	78.22
2	103.57
2	67.38
2	54.79
2	54.44
1	70.06
NA	NA
NA	NA
1	75.02
2	74.04
2	51.01
2	50.70
1	76.86
2	77.59
2	66.70
2	48.47
1	75.20
1	68.60
1	65.73
2	62.63
1	95.22
1	72.85
2	39.00
